start: 0.000000 
mid: 2.408461 
end: 17.115571 
